#n  getpid  fopen  fprintf  fclose
n=1  0.000005  0.000073  0.000011  0.000088
n=1000  0.000001  0.003955  0.000164  0.000050
n=1000000  0.000000  0.000052  0.056188  0.004058
